0.22359791776297952	0.00026424988976891386
0.22227733884343007	0.00034551503892235266
0.22723432965529206	0.00019383655840347363
0.22999561808125107	0.00015586045177170155
0.23812800692244995	0.00009276156792751918
0.244107166902945	0.00006830945306633959
0.24709506368380998	0.000054007658645337977
0.2513165442813927	0.00004288652170763977
0.25569070895283535	0.00003494044926487643
0.2599985272170604	0.000028685290952892473
0.26752984084913817	0.00002151260134542767
0.26984611734605823	0.000017274715716770925
0.274452903847955	0.000013834878630022964
0.27673492961105417	0.000010828205114012735
0.27962642679752575	8.621089765468165e-6
0.28174372357450556	6.7821355369564366e-6
0.2831530711356179	5.288246152260997e-6
0.28600443417440446	4.1745213084124324e-6
0.2897252048740355	3.2455404340301023e-6
0.2926876012874577	2.6387606553131626e-6
0.2983177049646002	2.042132130043737e-6
0.30511094897424723	1.3360685741898662e-6
0.3093060519936602	1.0241342780991002e-6
0.31710613445724856	8.562008632639673e-7
0.3261639364558028	7.341426774666727e-7
0.33351131268970535	6.106635810880712e-7
0.34228541569234583	5.360457850938248e-7
0.34936760858701077	4.5756329466468244e-7
0.3587798620500992	4.0781636232333036e-7
0.36935089972361757	3.3939537225745384e-7
0.38100341906354673	2.91400297498487e-7
0.3928820000083666	2.44189764698766e-7
0.4051320532612267	2.0423303308456908e-7
0.4177640629404301	1.7081441498736807e-7
0.4311315955957503	1.4266709215321908e-7
0.4399935277733053	1.1612086953828617e-7
0.4529680304517474	1.0975099042130918e-7
0.4670758950821393	9.394511372916093e-8
0.48162180814565486	8.05710233423696e-8
0.4954378216324788	6.969455437980691e-8
0.49430783605332745	6.121254045378769e-8
0.5120888776518954	5.909215711896934e-8
0.5280336552638463	5.087593416895825e-8
0.5444756623454629	4.375981548342171e-8
0.5614296436055758	3.7639042553669634e-8
0.5789091133002646	3.246833775408733e-8
0.5969327862878989	2.8007964203933244e-8
0.6155158849161962	2.4207055455553166e-8
0.6346721704131388	2.1043559000219198e-8
0.6537401698350482	1.840202670294034e-8
0.6697745555124467	1.5795645332278042e-8
0.6899999997983906	1.4382985274375355e-8
0.7114883277480226	1.2335413692888457e-8
0.7336540602993029	1.0497905596060856e-8
0.756507172411583	8.960041252528945e-9
0.779228052684251	6.640827850634416e-9
0.8059909082705228	4.885273571519082e-9
0.8408893399017368	3.0442287780121356e-9
0.8622847682835583	2.467995322222735e-9
0.8813564136229848	1.9225275494415518e-9
0.8928613934243302	1.432603229755422e-9
0.9084040644306022	1.071127747530523e-9
0.9214925331546807	7.758880833778327e-10
0.9294921416328561	6.132470472341658e-10
0.93756556443065	4.831407010469331e-10
0.9457349637029995	3.7351570446382263e-10
0.9526428529609836	2.915907462632376e-10
0.9649368515475929	2.2616159337193572e-10
0.9738529097527351	1.9663734116670627e-10
0.9985904425410714	2.5546280518654644e-10
1.0278006289282429	3.2940599346035585e-10
1.0593201476320104	3.8856208637552043e-10
1.093117668620787	4.436416616174832e-10
1.1233859576303056	5.202160319026192e-10
1.150642020690248	6.885072166796782e-10
1.1794099045419417	8.528305173626751e-10
1.214716022760776	1.0985184265882147e-9
1.2528176115111207	1.3077394109024254e-9
1.2903581004088773	1.5314546196271076e-9
1.3299926669521	1.7481196967657694e-9
1.3708810555358992	1.959152846731893e-9
1.413083770789866	2.135014939404732e-9
1.4566406763962736	2.266772301242969e-9
1.501584258524649	2.3583380637997782e-9
1.5479794558878435	2.3835276923433946e-9
1.5958326866719261	2.3835276923433946e-9
1.6451652211300756	2.3835276923433946e-9
1.6959658916280929	2.439424715554132e-9
1.7483278923880015	2.503877280352328e-9
1.8023115794224813	2.5650729716971905e-9
1.8580504434923006	2.5428721063779e-9
1.9156630568805333	2.388136447502719e-9
1.9750620659142917	2.2428165685511557e-9
2.0363654841458274	2.062054273736802e-9
2.099677341133673	1.8310727582385049e-9
2.1649939184628018	1.6072280463167486e-9
2.2323727829810975	1.3975250332685726e-9
2.3018405660696635	1.2181207974225658e-9
2.373489149898196	1.0558669174779345e-9
2.447385019378618	9.108160403165838e-10
2.52365210493905	7.706599854089433e-10
2.6023067904481656	6.501844031699731e-10
2.6833753973695726	5.538663221635371e-10
2.766907617480636	4.791647356835778e-10
2.8530401565047834	4.145383727716895e-10
2.941845736627359	3.5932179695223257e-10
3.0334112966352587	3.117610495961606e-10
3.1278224815026734	2.70756950670833e-10
3.225063900550465	2.4066037626304606e-10
3.3253424200003527	2.132903300173432e-10
3.4290361196513466	1.7804540184097056e-10
3.5256006395007673	1.4400481075664518e-10
3.5767019631005064	1.1395590192390064e-10
3.6328059885917847	8.999512611509964e-11
3.6851159568028753	7.154075767223974e-11
3.742517715213607	5.579337411704725e-11
3.768480139432553	4.316900954646219e-11
3.8026919319501467	3.373673348564195e-11
3.833669911602037	2.624089151913842e-11
3.864924289481837	1.997271469444184e-11
3.8987402560995994	1.5657820611448173e-11
3.9339898553513697	1.1779808749401541e-11
3.9719465947259565	8.291857919056105e-12
3.9883233777928555	5.646427255476957e-12
3.987024795905448	4.094453653915142e-12
3.9883737528948275	3.241043414067922e-12
3.989723166285919	2.5655101509889394e-12
3.9861512831547063	1.8309426762218966e-12
3.9879087199699215	1.3502142700017888e-12
3.918590707472428	1.2953453486797837e-12
3.7947149651288288	1.2074920984799372e-12
3.681028143861243	1.1843905933809768e-12
3.570647468767884	1.1843905933809768e-12
3.463654175331068	1.1662280184644577e-12
3.359927957425894	1.1340153062432264e-12
3.2593353697916307	1.0963205564789992e-12
3.1617588344512746	1.0588555832323023e-12
3.0669534485853065	1.0578333713656007e-12
2.97495753510669	1.0650096314607817e-12
2.885709017001537	1.0753459638026069e-12
2.7991301226662175	1.087882068047395e-12
2.7151943687032074	1.087882068047395e-12
2.6337276827467866	1.101627818830481e-12
2.554623189241775	1.1406061813323117e-12
2.4778980774183506	1.17982360212293e-12
2.403463875598857	1.225113452016398e-12
2.3313275386592482	1.249009255323794e-12
2.261391036539683	1.2599138879989707e-12
2.1935371985418897	1.2770661887686807e-12
2.1276717517935224	1.3146115052603394e-12
2.063789819702239	1.3506490456949861e-12
2.001839891523122	1.3809891494379644e-12
1.9417658345405049	1.4038516349566562e-12
1.8834998309425017	1.4243385317267831e-12
1.8270026292766919	1.434001134594067e-12
1.7722397466363335	1.4215897660255725e-12
1.7191904293677975	1.3690366028818432e-12
1.667719738294215	1.3235297284335152e-12
1.6177470571795316	1.3032334613226068e-12
1.5692761784652187	1.280771954140122e-12
1.522278861477896	1.246598849563473e-12
1.4766972959046565	1.2086589294624407e-12
1.4325026047202853	1.1594890902341468e-12
1.3896325175776902	1.1112457193047297e-12
1.3480435066514633	1.0660387779340527e-12
1.3077010022736482	1.0216836351197036e-12
1.2685711360463525	9.763408695822052e-13
1.2307187963752033	8.787787012773656e-13
1.193979225976841	7.986421913999928e-13
1.158326694760635	7.300318053133376e-13
1.1237827411766244	6.495105742034148e-13
1.0901958162975558	6.052922391896483e-13
1.057590541181868	5.723161434548944e-13
1.0259747571017408	5.359351145787285e-13
0.9953221872965843	4.956046283788081e-13
0.9651149143619275	4.97362916081447e-13
0.9429881094166442	6.309266906120719e-13
0.9179346458589467	7.905454959878623e-13
0.892575419605423	9.983531098339315e-13
0.8656252710159766	1.1572514453406259e-12
0.8395169131231496	1.310807829065445e-12
0.8141971545973874	1.483306343376954e-12
0.7896575949908106	1.6543624737756108e-12
0.7659197420068428	1.7446221313760704e-12
0.7429068944019473	1.820362762951512e-12
0.7205854915083458	1.89939158121694e-12
0.6989337811526932	1.9837664531997585e-12
0.6779260145929336	2.085944968425235e-12
0.6575487567300665	2.1955059525326145e-12
0.6377848947512343	2.308590604224669e-12
0.618610749099221	2.4392514153481345e-12
0.6000147258233471	2.572333494421346e-12
0.5819769030509329	2.7152976715839943e-12
0.5644789715459583	2.8745245616930833e-12
0.547508669948987	3.0372159068531242e-12
0.5310470730111639	3.2153202997891403e-12
0.5150796964939678	3.4071581015654182e-12
0.49959381934947206	3.6034740241993886e-12
0.48457081584839823	3.8258538409015316e-12
0.4699975896370232	4.0737442055626684e-12
0.4558658321011878	4.316798725961536e-12
0.44215651206292717	4.592061687191829e-12
0.42885527807138374	4.918015566005836e-12
0.41595418027793096	5.26710631412851e-12
0.40344061758087874	5.646427255477233e-12
0.3913051537713119	6.035551889834938e-12
0.3795352543444281	6.4452648972767e-12
0.36812040581261757	6.869507781734793e-12
0.35704787044823477	7.335832443384934e-12
0.3463054766036661	7.879342717248383e-12
0.33588159083939456	8.545259435804968e-12
0.32577146677329816	9.267455604560162e-12
0.3159652184238313	1.0060399879441024e-11
0.3064263107978328	1.162881210941226e-11
0.29716208760084345	1.3863676650942232e-11
0.2881783535981841	1.6512088977397503e-11
0.2789902442402829	1.9326312154789746e-11
0.27192816375676854	2.335440138544598e-11
0.2648420237514937	2.932300713931189e-11
0.2581668095006517	3.553329004354792e-11
0.2538298965844704	4.279833165033397e-11
0.2479623338411786	4.928911001615023e-11
0.24300099804274497	5.94816254962104e-11
0.2368924338343575	6.847313339091313e-11
0.23236219302023595	8.312435392703102e-11
0.22648299867628388	9.793254668613907e-11
0.22098814981513393	1.2281729517644462e-10
0.21838332048802067	1.638538180802537e-10
0.21649236188972534	2.150313014810032e-10
0.2144706372870434	2.9153117557508697e-10
0.21248130839961266	3.8334330145128017e-10
0.2109975903352481	5.011944071129518e-10
0.20893283832613918	6.666651364677076e-10
0.20712052569550807	8.842335790776443e-10
0.20532445950701547	1.1707313256083826e-9
0.2034317543943022	1.5344158184427603e-9
0.2020093379349485	2.0191501202308025e-9
0.20006618502822507	2.6310658468488526e-9
0.19894465020291754	3.3808465119162337e-9
0.1970026248528263	4.748147208568705e-9
0.19252674124730226	5.787633344604921e-9
0.18656739428589003	6.094562232754922e-9
0.18096507322053507	6.2798027911292645e-9
0.17552999945409828	6.49572102177937e-9
0.1702593517352131	6.686693035406432e-9
0.16514650430788524	6.8965889732259165e-9
0.16018719446042445	7.113073564731168e-9
0.1553772458835247	7.32219553551461e-9
0.1507108831766733	7.566642474743396e-9
0.1461858889446477	7.774067393091514e-9
0.1417953671943094	8.041362869128134e-9
0.13753786315458605	8.269784925288812e-9
0.13340763416790635	8.529374269867336e-9
0.12940143496539758	8.797112148951629e-9
0.1255158918665429	9.055744287794343e-9
0.12174650960594365	9.34903046182774e-9
0.11809082131828656	9.623888813467147e-9
0.11454442220979723	9.935575345211263e-9
0.11110514665421647	1.0217804189553776e-8
0.10776853514923684	1.0548725713234136e-8
0.10453241805085556	1.0869347895210588e-8
0.10139333465099121	1.1210537771562217e-8
0.09834879212464001	1.1540123812110956e-8
0.0953956682228628	1.1879399571416976e-8
0.09253057119301798	1.2287848534220244e-8
0.08975215129042377	1.2649107148907675e-8
0.08705679405801478	1.3058770686519053e-8
0.08444249944808843	1.3468686754970682e-8
0.08190694046399911	1.3864661616250072e-8
0.07944707260986035	1.432752471231149e-8
0.07706151154721835	1.4748749120722414e-8
0.07474705941367411	1.5255854824574594e-8
0.0725028285686378	1.5674064678136552e-8
0.07032529113263958	1.6212985473098328e-8
0.06821363024025118	1.6689641793824257e-8
0.06616519131264993	1.7213531255720773e-8
0.06417826651390147	1.775386565823835e-8
0.06225118262479136	1.8275823338232605e-8
0.06038162575752989	1.8885950322038054e-8
0.05856854378264657	1.944119091044498e-8
0.05680950625022979	2.0109636669449352e-8
0.055103838532755335	2.0660903596371478e-8
0.053448859359650644	2.1371286692232837e-8
0.051843947894162815	2.199959533414225e-8
0.05028701630083536	2.2712090844260576e-8
0.048776909282916156	2.3425025561370402e-8
0.04731228268663171	2.4113713435390973e-8
0.04589144205509581	2.489467837106559e-8
0.044513519744908095	2.5601833826369016e-8
0.04317660837791473	2.6482100746374246e-8
0.0418802008278809	2.7234348344497673e-8
0.040622378106612865	2.8170745951721755e-8
0.039402663088314215	2.89709610170779e-8
0.03821930373257064	2.993813851360789e-8
0.035958487159314635	3.175501373107144e-8
0.03711173023100305	3.1412259606746856e-8
0.034878613673968065	3.278345558936421e-8