1.e-6	7.289004694012091e-8
0.0005055631031202381	7.289014445680832e-8
0.006188296007355966	7.24038014120745e-8
0.013181865906466065	7.099603771257407e-8
0.020173844983980446	6.735562500976961e-8
0.027165824061494818	6.393486511805585e-8
0.09488900837726659	3.106735810653566e-8
0.0988259736623577	3.2914489567683896e-8
0.10232991730909352	3.8035646207364634e-8
0.10583704259902077	4.700860992570803e-8
0.10934766769645858	6.255465080465358e-8
0.11110711638132638	7.87363821218842e-8
0.11287229202393875	1.1181867825734735e-7
0.12985804184303165	9.972975724038035e-8
0.13276286014891575	9.873385911879093e-8
0.1357327468350559	9.779957461537631e-8
0.13876888551174119	9.677179858413795e-8
0.14187284403491118	9.570423510751723e-8
0.14504623136755837	9.464844873738092e-8
0.1482908953566449	9.37528230653286e-8
0.15160784055551524	9.271856420893658e-8
0.15519222533956945	9.225661004715551e-8
0.15755648440643133	9.022094864942267e-8
0.1600129239825196	4.990206062008509e-8
0.160016540723886	2.569362655219773e-8
0.16071920323966668	2.2364782263893514e-8
0.161588666163717	1.9152789091987886e-8
0.16237959404613084	1.613501724810703e-8
0.16370533867172085	1.3909528844142793e-8
0.1662879073510603	1.3618037253581777e-8
0.16962387555244848	1.3525019759012777e-8
0.17356327298307145	1.3111649255376183e-8
0.17603779847066386	1.53919461180783e-8
0.17811159728220047	1.7860945432004147e-8
0.1788271634908125	2.041779951325202e-8
0.18030253042392455	2.3329474751155093e-8
0.18277023785860547	2.581058830268244e-8
0.1853074223376583	2.467434857798512e-8
0.1864865477526807	2.119740168892853e-8
0.18852232184383066	1.8455694615134995e-8
0.19008879820069824	1.6030078248961023e-8
0.191594692575633	1.4128990566930127e-8
0.1937046756220025	1.2890346317980573e-8
0.19759010923002718	1.2271553692488289e-8
0.1986910909501604	1.06440860598493e-8
0.20030447718869654	9.403844024457286e-9
0.2048424663788632	9.092702317226912e-9
0.2094333704174952	9.306642461444389e-9
0.21431419261446596	9.792064665581283e-9
0.21758514402099124	8.949924053762878e-9
0.21846107328690567	7.282930074935848e-9
0.2190393727463312	6.137051247546912e-9
0.2198677443795871	5.408891578900778e-9
0.21944465536298252	4.434180050771203e-9
0.2193978158301419	3.740249032690538e-9
0.22026559180759525	3.258486457075311e-9
0.22047125429881495	2.741657232351446e-9
0.22097566312496505	2.4166858932751707e-9
0.22080397957809844	2.1044079727825066e-9
0.22200898757964463	1.805865298711509e-9
0.22489671406185546	1.5939858657738757e-9
0.22782160642965438	1.405019977762686e-9
0.23147729268392786	1.2176958935565269e-9
0.23615057011663806	1.0933319738905146e-9
0.24140698205444472	9.930802974032866e-10
0.24678971893296836	9.296048243114903e-10
0.2522964900890811	8.812932640697442e-10
0.257931608052962	8.497411249596921e-10
0.2636957341969571	8.271492549193488e-10
0.2695942136438161	8.184567408485485e-10
0.27563687394086817	8.390431503767028e-10
0.2818256214420312	8.864506225871834e-10
0.2881519850577308	9.330787083292514e-10
0.2946236814239724	9.910226153073869e-10
0.30124731690358914	1.0710813544261183e-9
0.3080229253339422	1.1668201006380401e-9
0.31338404289681526	1.3157669855431245e-9
0.31240770880225954	1.213123192505466e-9
0.3068784533291792	1.4846200431321518e-9
0.30080919125963956	1.6696874094744877e-9
0.2953231128807496	1.8844122091379813e-9
0.2910729844962203	2.12214858958994e-9
0.2882077040349035	2.427950542155173e-9
0.2855935567197719	2.7741057041617243e-9
0.28312942996109713	3.1671909307479006e-9
0.2809474710675155	3.624072665248566e-9
0.2789854480499555	4.178910369727247e-9
0.27703727128408295	4.820693720742608e-9
0.27494134973598516	5.50925306992578e-9
0.2733275032245957	6.208160285841129e-9
0.27005302464395187	7.081628549665872e-9
0.2649842470078948	8.102145880586581e-9
0.261695711270799	9.423566300866164e-9
0.2553932732737464	1.0810236961937236e-8
0.2597248044205293	1.5111398221814245e-8
0.26152203792816914	3.438839087042271e-8
0.26141531419288305	9.74529336056659e-8
0.26317335776578255	3.632359586070918e-7
0.2651862577790389	7.361421541034981e-7
0.27083848991485276	6.937999090959643e-7
0.2801499905891392	6.939548762864728e-7
0.2825035200710276	6.042036119436103e-7
0.2860830607555993	5.260748338240797e-7
0.29215239360865136	4.232060731727527e-7
0.2983649378231828	3.685024241633648e-7
0.304709590165054	3.2086977296009947e-7
0.3165010027738399	2.9070855201064713e-7
0.32461567552130954	2.739949024380706e-7
0.334364333919891	2.795267501761461e-7
0.35028035076487585	2.909033935643366e-7
0.3654200320827315	3.212551847487153e-7
0.3780061535342647	3.5475396249244743e-7
0.3893582019448948	3.6191630342479717e-7
0.4027444424348956	3.6199714107266245e-7
0.41659090550030653	3.620779967764298e-7
0.42367112614168295	3.3455423924976674e-7
0.4400713467875123	3.091658821896471e-7
0.45905859179199304	3.031913311783879e-7
0.47082255487795477	2.8015955029392715e-7
0.4911365863829866	2.7474553917255905e-7
0.49307288991844506	1.708591397105388e-7
0.4952386224751575	2.2100324072484207e-7
0.5056901455043842	1.4877802775780748e-7
0.5230442465470465	1.3478937951576612e-7
0.5502417175193199	1.321919900599559e-7
0.5739893041741919	1.322288991041915e-7
0.5837163394815799	1.1287732076385391e-7
0.6192724138487106	1.0853864214150944e-7
0.6405321470500149	1.0029915730878925e-7
0.6653270124401431	9.268774331417049e-8
0.7118616769385022	9.272915341846782e-8
0.7363000161725872	8.568981297650508e-8
0.7648853747406894	9.462773145359072e-8
0.8080751067909563	9.466207994177874e-8
0.8148242542687547	7.614546355836402e-8
0.868139219031897	7.617735640354861e-8
0.917192556591999	8.08670463674391e-8
0.9528468450731761	9.665958091752679e-8
0.965188888202122	1.3268372415707554e-7
0.9900908898325746	1.6175236172206376e-7
1.0026482551374112	1.4365173088149262e-7
1.0283050485984286	1.250867892742031e-7
1.0412966569863125	1.0263313262184801e-7
1.0635683153619069	1.0892718377967344e-7
1.0634395579636595	8.936676614088369e-8
1.081801473859537	1.2763005555957024e-7
1.0908236126704154	1.0065258364706365e-7
1.0999343121243481	8.096417958348819e-8
1.12339212944078	7.783259200445676e-8
1.142457211383329	6.912479408981823e-8
1.17666705920081	6.13963537923638e-8
1.2170769856412005	5.786973630182425e-8
1.2379418019980737	6.780600951144548e-8
1.269665642748827	6.265515922938889e-8
1.2857688666596054	5.564383713557556e-8
1.3130945076095153	4.7501738589973e-8
1.3871720328583808	4.390187068538635e-8
1.4409389515518147	4.391290250449187e-8
1.4716157743548404	3.978072079358689e-8
1.5157003279363854	3.6039387431520396e-8
1.5611433040781704	3.3968330298972186e-8
1.6080071319141072	3.397496897861031e-8
1.663270715661907	3.3316551216422846e-8
1.69868086330409	3.0181480752956e-8
1.7570394265583362	2.901653097456241e-8
1.8484250676360563	2.9026253218625658e-8
1.969298292012673	2.7364327032904306e-8
2.080521142777795	2.79214783688992e-8
2.197999072999629	2.793161345884808e-8
2.371690528037327	2.794565273403228e-8
2.4634981721353757	2.5824937685014362e-8
2.6026011403375326	2.5834311761232812e-8
2.772892571112546	2.584513223125091e-8
2.9047086938858517	2.4362623535998737e-8
2.917855658270301	3.917786245133514e-8
2.9194104250484885	9.359782598161014e-8
2.9211074791209812	2.4203316431526846e-7
2.922840906030894	6.383810980137187e-7
2.9370298566084347	1.751819396972338e-6
2.93863041777572	4.268844923691401e-6
2.9398437332475815	0.000014563028431219612
2.94	0.000031622776601683795
2.940997737653375	0.000034791785860284534
2.94	0.00006309573444801929
2.941239562766206	0.00006955647047801116
2.94	0.00012589254117941674
2.94	0.00025118864315095795
2.94	0.0005011872336272725
2.94	0.001
2.94	0.001995262314968879
2.94	0.003981071705534973
2.94	0.007943282347242814
2.9419	0.00943792
2.94	0.015848931924611124
2.94	0.03162277660168379
2.94	0.0630957344480193
2.94	0.12589254117941662
2.94	0.25118864315095796
2.94	0.5011872336272725
2.94	1.
2.9428074295312006	1.
2.94	1.9952623149688788
2.94	3.981071705534969
2.94	7.943282347242805
2.95	7.82
2.98	7.82
3.0100000000000002	7.82
3.04	7.82
3.0700000000000003	7.82
3.1	7.82
3.1300000000000003	7.82
3.16	7.82
3.18	7.943282347242805
3.18	3.981071705534969
3.18	1.9952623149688788
3.18	1.
3.1838416354918397	1.
3.18	0.5011872336272725
3.18	0.25118864315095796
3.18	0.12589254117941662
3.18	0.0630957344480193
3.18	0.03162277660168379
3.18	0.015848931924611124
3.1842	0.0087211
3.18	0.007943282347242814
3.18	0.003981071705534973
3.18	0.001995262314968879
3.18	0.001
3.18	0.0005011872336272725
3.18	0.00025118864315095795
3.18	0.00012589254117941674
3.184676414123833	0.00006823135502228569
3.18	0.00006309573444801929
3.1858640273695644	0.0000348121886880123
3.18	0.000031622776601683795
3.186120092782167	0.000014285988009605542
3.187313150539966	4.356490390678076e-6
3.1885402443115143	1.7527488450909402e-6
3.18953727802618	6.262193443507248e-7
3.1907279892751377	2.470093455762983e-7
3.191294347659418	9.365271423387938e-8
3.192150939911991	3.919974304073161e-8
3.193266914320312	2.4864211124372198e-8
3.297261879125939	2.438303594306177e-8
3.468714265491964	2.3913175181875096e-8
3.5728845598015746	2.439597264585336e-8
3.57372453875383	3.6967706067715886e-8
3.5748316357799634	5.944826513951976e-8
3.575043685201612	1.0347318971131596e-7
3.5769058470015604	2.4235770874880926e-7
3.5779701340696115	5.790205618502552e-7
3.578972793722757	1.4391665530236187e-6
3.5798458539875506	3.3708548975037686e-6
3.5807198896155055	7.895307680791196e-6
3.581682134710367	0.00001923933721271582
3.58	0.000031622776601683795
3.582558168013979	0.000045062896946817414
3.58	0.00006309573444801929
3.58	0.00012589254117941674
3.58	0.00025118864315095795
3.58	0.0005011872336272725
3.58	0.001
3.58	0.001995262314968879
3.58	0.003981071705534973
3.58	0.007943282347242814
3.5827	0.00775235
3.58	0.015848931924611124
3.58	0.03162277660168379
3.58	0.0630957344480193
3.58	0.12589254117941662
3.58	0.25118864315095796
3.58	0.5011872336272725
3.58	1.
3.583011634929251	1.
3.58	1.9952623149688788
3.58	3.981071705534969
3.58	7.82
3.58	7.943282347242805
3.61	7.82
3.64	7.82
3.67	7.82
3.7	7.82
3.73	7.82
3.7600000000000002	7.82
3.79	7.82
3.8200000000000003	7.82
3.85	7.82
3.873	7.943282347242805
3.873	3.981071705534969
3.873	1.9952623149688788
3.873	1.
3.8707824715915944	1.
3.873	0.5011872336272725
3.873	0.25118864315095796
3.873	0.12589254117941662
3.873	0.0630957344480193
3.873	0.03162277660168379
3.873	0.015848931924611124
3.873	0.007943282347242814
3.8712	0.00718879
3.873	0.003981071705534973
3.873	0.001995262314968879
3.873	0.001
3.873	0.0005011872336272725
3.873	0.00025118864315095795
3.873	0.00012589254117941674
3.873	0.00006309573444801929
3.871703654574105	0.000060668822703179354
3.873	0.000031622776601683795
3.8729687965468975	0.000029168406654091364
3.8736564474948088	0.000016758072089084598
3.874829273953138	7.744246113237379e-6
3.875143417792143	3.7977144621971107e-6
3.876083924525665	1.5896345162828616e-6
3.8770545892318107	1.0284537642146883e-6
3.8782416392346786	6.270415421731305e-7
3.928917869168301	6.787608421397319e-7
4.013096850341415	7.64457842234379e-7
4.047888744513064	1.02876963624957e-6
4.134466565209354	1.0918596789556606e-6
4.1351674028474275	1.440493006729399e-6
4.136118729664701	2.0981454739447284e-6
4.137270628640412	3.3078372375984336e-6
4.1383226426558375	5.012571964545491e-6
4.16	4.81e-6
4.18	4.81e-6
4.2	4.81e-6
4.22	4.81e-6
4.224681179925015	5.013271690482303e-6
4.225555545346486	3.2434613669334767e-6
4.241855271581299	1.7560793334890109e-6
4.2584756496160585	1.0496865943589306e-6
4.2942509425875075	9.139274805796401e-7
4.367234398926873	8.444542770257654e-7
4.441834676446488	8.962160269814438e-7
4.555827834543914	8.787987443948105e-7
4.556544931574834	1.1366787221093377e-6
4.595714445061068	1.3583953560130056e-6
4.71456987429188	1.8282655766088962e-6
4.736673550554888	2.663103055228503e-6
4.73757149829356	5.219641076023501e-6
4.739981118413043	0.00001198598190863161
4.742564214289556	0.00002920751883130739
4.74	0.000031622776601683795
4.74	0.000039810717055349695
4.74	0.00005011872336272725
4.744516820276493	0.00005724788636616637
4.74	0.00006309573444801929
4.74	0.00007943282347242822
4.74601053198445	0.00009577586038447669
4.74	0.0001
4.74	0.00012589254117941674
4.74	0.00015848931924611142
4.74	0.00019952623149688788
4.74	0.00025118864315095795
4.74	0.00031622776601683794
4.74	0.00039810717055349735
4.74	0.0005011872336272725
4.74	0.000630957344480193
4.74	0.0007943282347242822
4.74	0.001
4.74	0.0012589254117941675
4.74	0.001584893192461114
4.74	0.001995262314968879
4.74	0.002511886431509582
4.74	0.0031622776601683794
4.74	0.003981071705534973
4.74	0.005011872336272725
4.74	0.006309573444801936
4.74	0.00794328234724282
4.74	0.01
4.74	0.012589254117941675
4.74	0.01584893192461114
4.74	0.01995262314968881
4.74	0.025118864315095822
4.74	0.03162277660168379
4.74	0.039810717055349734
4.74	0.05011872336272725
4.74	0.06309573444801936
4.74	0.07943282347242822
4.74	0.1
4.74	0.12589254117941676
4.74	0.15848931924611143
4.74	0.19952623149688808
4.74	0.25118864315095824
4.74	0.31622776601683794
4.74	0.39810717055349776
4.74	0.5011872336272725
4.74	0.630957344480193
4.74	0.7943282347242822
4.74	1.
4.747	1.
4.74	1.2589254117941688
4.74	1.584893192461114
4.74	1.9952623149688828
4.74	2.5118864315095824
4.74	3.1622776601683795
4.74	3.9810717055349776
4.74	5.011872336272725
4.74	6.309573444801943
4.74	7.943282347242821
4.74	10.
4.74	12.589254117941687
4.74	15.848931924611142
4.74	19.95262314968883
4.74	25.11886431509582
4.74	31.622776601683793
4.74	39.81071705534978
4.74	50.11872336272725
4.74	63.09573444801943
4.74	79.43282347242821
4.74	100.
4.677351412871981	100.05
4.570881896148752	100.05
4.4668359215096345	100.05
4.3651583224016655	100.05
4.265795188015925	100.05
4.168693834703355	100.05
4.07380277804113	100.05
3.9810717055349776	100.05
3.890451449942805	100.05
3.801893963205613	100.05
3.715352290971728	100.05
3.6307805477010175	100.05
3.5481338923357533	100.05
3.4673685045253166	100.05
3.3884415613920273	100.05
3.3113112148259143	100.05
3.235936569296281	100.05
3.1622776601683795	100.05
3.090295432513592	100.05
3.019951720402019	100.05
2.951209226666384	100.05
2.8840315031266055	100.05
2.818382931264455	100.05
2.754228703338169	100.05
2.691534803926914	100.05
2.6302679918953813	100.05
2.570395782768865	100.05
2.5118864315095824	100.05
2.4547089156850337	100.05
2.39883291901949	100.05
2.344228815319923	100.05
2.290867652767775	100.05
2.2387211385683425	100.05
2.1877616239495516	100.05
2.1379620895022327	100.05
2.089296130854041	100.05
2.041737944669532	100.05
1.9952623149688788	100.05
1.9498445997580456	100.05
1.9054607179632483	100.05
1.8620871366628695	100.05
1.8197008586099825	100.05
1.7782794100389228	100.05
1.7378008287493762	100.05
1.698243652461746	100.05
1.6595869074375598	100.05
1.6218100973589298	100.05
1.584893192461114	100.05
1.5488166189124828	100.05
1.513561248436207	100.05
1.4791083881682072	100.05
1.4454397707459279	100.05
1.4125375446227555	100.05
1.3803842646028865	100.05
1.3489628825916533	100.05
1.3182567385564075	100.05
1.288249551693135	100.05
1.2589254117941688	100.05
1.2302687708123812	100.05
1.2022644346174132	100.05
1.1748975549395304	100.05
1.1481536214968842	100.05
1.122018454301963	100.05
1.096478196143185	100.05
1.071519305237607	100.05
1.0471285480509007	100.05
1.0232929922807537	100.05
1.	100.05
0.9772372209558111	100.05
0.9549925860214369	100.05
0.9332543007969905	100.05
0.9120108393559097	100.05
0.8912509381337459	100.05
0.8709635899560815	100.05
0.8511380382023759	100.05
0.8317637711026709	100.05
0.8128305161640995	100.05
0.7943282347242822	100.05
0.7762471166286912	100.05
0.7585775750291835	100.05
0.7413102413009177	100.05
0.7244359600749906	100.05
0.7079457843841388	100.05
0.6918309709189363	100.05
0.6760829753919819	100.05
0.6606934480075964	100.05
0.6456542290346563	100.05
0.630957344480193	100.05
0.6165950018614822	100.05
0.6025595860743581	100.05
0.5888436553555896	100.05
0.5754399373371566	100.05
0.5623413251903491	100.05
0.5495408738576248	100.05
0.5370317963702532	100.05
0.5248074602497723	100.05
0.5128613839913648	100.05
0.5011872336272725	100.05
0.48977881936844664	100.05
0.47863009232263803	100.05
0.4677351412871981	100.05
0.4570881896148752	100.05
0.4466835921509635	100.05
0.43651583224016566	100.05
0.42657951880159256	100.05
0.41686938347033553	100.05
0.407380277804113	100.05
0.39810717055349776	100.05
0.3890451449942805	100.05
0.38018939632056126	100.05
0.3715352290971728	100.05
0.36307805477010174	100.05
0.3548133892335753	100.05
0.34673685045253166	100.05
0.33884415613920277	100.05
0.33113112148259144	100.05
0.3235936569296281	100.05
0.31622776601683794	100.05
0.30902954325135923	100.05
0.30199517204020193	100.05
0.2951209226666384	100.05
0.28840315031266056	100.05
0.2818382931264455	100.05
0.2754228703338169	100.05
0.2691534803926914	100.05
0.26302679918953814	100.05
0.25703957827688645	100.05
0.25118864315095824	100.05
0.24547089156850285	100.05
0.239883291901949	100.05
0.23442288153199228	100.05
0.22908676527677746	100.05
0.22387211385683423	100.05
0.21877616239495518	100.05
0.21379620895022325	100.05
0.2089296130854041	100.05
0.20417379446695316	100.05
0.1995262314968879	100.05
0.19498445997580455	100.05
0.19054607179632482	100.05
0.18620871366628694	100.05
0.18197008586099825	100.05
0.1778279410038923	100.05
0.17378008287493762	100.05
0.1698243652461746	100.05
0.16595869074375597	100.05
0.16218100973589297	100.05
0.15848931924611143	100.05
0.15488166189124827	100.05
0.1513561248436207	100.05
0.1479108388168207	100.05
0.1445439770745928	100.05
0.14125375446227553	100.05
0.13803842646028838	100.05
0.13489628825916533	100.05
0.13182567385564073	100.05
0.1288249551693135	100.05
0.12589254117941687	100.05
0.1230268770812381	100.05
0.12022644346174131	100.05
0.11748975549395303	100.05
0.1148153621496884	100.05
0.1122018454301963	100.05
0.1096478196143185	100.05
0.10715193052376071	100.05
0.10471285480509006	100.05
0.10232929922807536	100.05
0.1	100.05
0.09772372209558111	100.05
0.09549925860214369	100.05
0.09332543007969905	100.05
0.09120108393559097	100.05
0.08912509381337459	100.05
0.08709635899560814	100.05
0.08511380382023759	100.05
0.08317637711026708	100.05
0.08128305161640995	100.05
0.07943282347242822	100.05
0.07762471166286912	100.05
0.07585775750291836	100.05
0.07413102413009177	100.05
0.07244359600749906	100.05
0.07079457843841387	100.05
0.06918309709189363	100.05
0.06760829753919818	100.05
0.06606934480075964	100.05
0.06456542290346562	100.05
0.0630957344480193	100.05
0.06165950018614822	100.05
0.06025595860743581	100.05
0.05888436553555896	100.05
0.057543993733715666	100.05
0.05623413251903491	100.05
0.05495408738576248	100.05
0.053703179637025325	100.05
0.05248074602497723	100.05
0.05128613839913648	100.05
0.05011872336272725	100.05
0.048977881936844665	100.05
0.0478630092322638	100.05
0.046773514128719815	100.05
0.04570881896148752	100.05
0.04466835921509635	100.05
0.04365158322401656	100.05
0.04265795188015926	100.05
0.04168693834703355	100.05
0.0407380277804113	100.05
0.039810717055349776	100.05
0.03890451449942805	100.05
0.038018939632056124	100.05
0.037153522909717275	100.05
0.03630780547701017	100.05
0.03548133892335753	100.05
0.034673685045253165	100.05
0.03388441561392028	100.05
0.03311311214825914	100.05
0.03235936569296281	100.05
0.03162277660168379	100.05
0.03090295432513592	100.05
0.030199517204020192	100.05
0.02951209226666384	100.05
0.028840315031266057	100.05
0.02818382931264455	100.05
0.02754228703338169	100.05
0.02691534803926914	100.05
0.026302679918953815	100.05
0.025703957827688646	100.05
0.025118864315095822	100.05
0.024547089156850284	100.05
0.023988329190194897	100.05
0.023442288153199226	100.05
0.022908676527677748	100.05
0.022387211385683423	100.05
0.02187761623949552	100.05
0.021379620895022326	100.05
0.02089296130854041	100.05
0.020417379446695316	100.05
0.01995262314968879	100.05
0.019498445997580455	100.05
0.019054607179632484	100.05
0.018620871366628693	100.05
0.018197008586099826	100.05
0.01778279410038923	100.05
0.017378008287493762	100.05
0.01698243652461746	100.05
0.016595869074375595	100.05
0.0162181009735893	100.05
0.01584893192461114	100.05
0.015488166189124828	100.05
0.015135612484362071	100.05
0.014791083881682071	100.05
0.01445439770745928	100.05
0.014125375446227554	100.05
0.013803842646028838	100.05
0.013489628825916533	100.05
0.013182567385564075	100.05
0.01288249551693135	100.05
0.012589254117941661	100.05
0.012302687708123811	100.05
0.012022644346174132	100.05
0.011748975549395304	100.05
0.01148153621496884	100.05
0.01122018454301963	100.05
0.01096478196143185	100.05
0.01071519305237607	100.05
0.010471285480509006	100.05
0.010232929922807537	100.05
0.01	100.05
0.009772372209558112	100.05
0.009549925860214359	100.05
0.009332543007969915	100.05
0.009120108393559097	100.05
0.008912509381337459	100.05
0.008709635899560805	100.05
0.008511380382023767	100.05
0.008317637711026709	100.05
0.008128305161640995	100.05
0.007943282347242814	100.05
0.00776247116628692	100.05
0.007585775750291836	100.05
0.007413102413009177	100.05
0.007244359600749898	100.05
0.00707945784384138	100.05
0.006918309709189363	100.05
0.006760829753919818	100.05
0.006606934480075964	100.05
0.006456542290346556	100.05
0.006309573444801936	100.05
0.006165950018614822	100.05
0.0060255958607435805	100.05
0.00588843655355589	100.05
0.005754399373371573	100.05
0.005623413251903491	100.05
0.005495408738576248	100.05
0.005370317963702527	100.05
0.005248074602497728	100.05
0.005128613839913648	100.05
0.005011872336272725	100.05
0.004897788193684461	100.05
0.004786300923226385	100.05
0.004677351412871981	100.05
0.004570881896148752	100.05
0.0044668359215096305	100.05
0.004365158322401661	100.05
0.004265795188015926	100.05
0.004168693834703355	100.05
0.004073802778041126	100.05
0.003981071705534973	100.05
0.003890451449942805	100.05
0.0038018939632056127	100.05
0.003715352290971728	100.05
0.003630780547701014	100.05
0.0035481338923357567	100.05
0.0034673685045253167	100.05
0.0033884415613920273	100.05
0.003311311214825911	100.05
0.003235936569296284	100.05
0.0031622776601683794	100.05
0.003090295432513592	100.05
0.003019951720402016	100.05
0.002951209226666387	100.05
0.0028840315031266055	100.05
0.002818382931264455	100.05
0.002754228703338166	100.05
0.0026915348039269166	100.05
0.0026302679918953813	100.05
0.0025703957827688645	100.05
0.0025118864315095794	100.05
0.002454708915685031	100.05
0.00239883291901949	100.05
0.0023442288153199225	100.05
0.0022908676527677724	100.05
0.00223872113856834	100.05
0.002187761623949552	100.05
0.0021379620895022326	100.05
0.0020892961308540407	100.05
0.0020417379446695297	100.05
0.0019952623149688807	100.05
0.0019498445997580456	100.05
0.0019054607179632482	100.05
0.0018620871366628676	100.05
0.0018197008586099844	100.05
0.0017782794100389228	100.05
0.0017378008287493763	100.05
0.0016982436524617442	100.05
0.0016595869074375613	100.05
0.0016218100973589297	100.05
0.001584893192461114	100.05
0.0015488166189124811	100.05
0.0015135612484362087	100.05
0.0014791083881682072	100.05
0.001445439770745928	100.05
0.001412537544622754	100.05
0.0013803842646028853	100.05
0.0013489628825916532	100.05
0.0013182567385564075	100.05
0.0012882495516931337	100.05
0.0012589254117941675	100.05
0.0012302687708123812	100.05
0.001202264434617413	100.05
0.0011748975549395304	100.05
0.0011481536214968829	100.05
0.0011220184543019641	100.05
0.0010964781961431851	100.05
0.001071519305237607	100.05
0.0010471285480508996	100.05
0.0010232929922807546	100.05
0.001	100.05
0.000977237220955811	100.05
0.0009549925860214359	100.05
0.0009332543007969915	100.05
0.0009120108393559096	100.05
0.0008912509381337459	100.05
0.0008709635899560805	100.05
0.0008511380382023768	100.05
0.0008317637711026709	100.05
0.0008128305161640995	100.05
0.0007943282347242813	100.05
0.0007762471166286919	100.05
0.0007585775750291836	100.05
0.0007413102413009177	100.05
0.0007244359600749898	100.05
0.000707945784384138	100.05
0.0006918309709189362	100.05
0.0006760829753919819	100.05
0.0006606934480075957	100.05
0.0006456542290346556	100.05
0.0006309573444801936	100.05
0.0006165950018614823	100.05
0.0006025595860743581	100.05
0.0005888436553555889	100.05
0.0005754399373371572	100.05
0.0005623413251903491	100.05
0.0005495408738576248	100.05
0.0005370317963702527	100.05
0.0005248074602497728	100.05
0.0005128613839913648	100.05
0.0005011872336272725	100.05
0.0004897788193684461	100.05
0.00047863009232263854	100.05
0.00046773514128719813	100.05
0.0004570881896148752	100.05
0.00044668359215096305	100.05
0.0004365158322401661	100.05
0.00042657951880159257	100.05
0.0004168693834703355	100.05
0.0004073802778041126	100.05
0.00039810717055349735	100.05
0.0003890451449942805	100.05
0.00038018939632056124	100.05
0.0003715352290971724	100.05
0.0003630780547701014	100.05
0.0003548133892335757	100.05
0.0003467368504525317	100.05
0.00033884415613920273	100.05
0.0003311311214825911	100.05
0.00032359365692962843	100.05
0.00031622776601683794	100.05
0.0003090295432513592	100.05
0.0003019951720402016	100.05
0.0002951209226666387	100.05
0.00028840315031266055	100.05
0.0002818382931264455	100.05
0.0002754228703338166	100.05
0.00026915348039269167	100.05
0.00026302679918953814	100.05
0.0002570395782768865	100.05
0.00025118864315095795	100.05
0.0002454708915685031	100.05
0.000239883291901949	100.05
0.00023442288153199226	100.05
0.00022908676527677723	100.05
0.000223872113856834	100.05
0.00021877616239495518	100.05
0.00021379620895022324	100.05
0.00020892961308540387	100.05
0.00020417379446695296	100.05
0.0001995262314968881	100.05
0.00019498445997580456	100.05
0.00019054607179632481	100.05
0.00018620871366628676	100.05
0.00018197008586099845	100.05
0.00017782794100389227	100.05
0.00017378008287493763	100.05
0.00016982436524617443	100.05
0.00016595869074375615	100.05
0.00016218100973589298	100.05
0.00015848931924611142	100.05
0.0001548816618912481	100.05
0.00015135612484362088	100.05
0.00014791083881682073	100.05
0.0001445439770745928	100.05
0.0001412537544622754	100.05
0.00013803842646028852	100.05
0.00013489628825916533	100.05
0.00013182567385564074	100.05
0.00012882495516931337	100.05
0.00012589254117941674	100.05
0.0001230268770812381	100.05
0.00012022644346174131	100.05
0.0001174897554939529	100.05
0.0001148153621496883	100.05
0.0001122018454301963	100.05
0.00010964781961431851	100.05
0.0001071519305237607	100.05
0.00010471285480508996	100.05
0.00010232929922807547	100.05
0.0001	100.05
0.00009772372209558111	100.05
0.00009549925860214369	100.05
0.00009332543007969905	100.05
0.00009120108393559096	100.05
0.00008912509381337459	100.05
0.00008709635899560796	100.05
0.0000851138038202376	100.05
0.00008317637711026709	100.05
0.00008128305161640995	100.05
0.00007943282347242822	100.05
0.00007762471166286927	100.05
0.00007585775750291836	100.05
0.00007413102413009176	100.05
0.00007244359600749906	100.05
0.00007079457843841373	100.05
0.00006918309709189363	100.05
0.00006760829753919819	100.05
0.00006606934480075965	100.05
0.00006456542290346563	100.05
0.00006309573444801929	100.05
0.00006165950018614822	100.05
0.000060255958607435806	100.05
0.00005888436553555884	100.05
0.000057543993733715664	100.05
0.00005623413251903491	100.05
0.00005495408738576248	100.05
0.000053703179637025325	100.05
0.00005248074602497723	100.05
0.00005128613839913648	100.05
0.00005011872336272725	100.05
0.00004897788193684456	100.05
0.000047863009232263804	100.05
0.00004677351412871981	100.05
0.000045708818961487516	100.05
0.00004466835921509635	100.05
0.000043651583224016654	100.05
0.00004265795188015926	100.05
0.00004168693834703355	100.05
0.0000407380277804113	100.05
0.000039810717055349695	100.05
0.000038904514499428046	100.05
0.000038018939632056124	100.05
0.00003715352290971728	100.05
0.000036307805477010174	100.05
0.000035481338923357534	100.05
0.00003467368504525317	100.05
0.000033884415613920276	100.05
0.000033113112148259076	100.05
0.00003235936569296281	100.05
0.000031622776601683795	100.05
0.00003090295432513592	100.05
0.000030199517204020192	100.05
0.00002951209226666384	100.05
0.000028840315031266056	100.05
0.00002818382931264455	100.05
0.000027542287033381633	100.05
0.00002691534803926914	100.05
0.000026302679918953814	100.05
0.000025703957827688645	100.05
0.000025118864315095822	100.05
0.000024547089156850336	100.05
0.0000239883291901949	100.05
0.00002344228815319923	100.05
0.00002290867652767775	100.05
0.00002238721138568338	100.05
0.00002187761623949552	100.05
0.000021379620895022323	100.05
0.00002089296130854041	100.05
0.000020417379446695318	100.05
0.000019952623149688786	100.05
0.000019498445997580456	100.05
0.000019054607179632484	100.05
0.000018620871366628657	100.05
0.000018197008586099827	100.05
0.00001778279410038923	100.05
0.000017378008287493764	100.05
0.00001698243652461746	100.05
0.000016595869074375598	100.05
0.0000162181009735893	100.05
0.00001584893192461114	100.05
0.000015488166189124797	100.05
0.000015135612484362071	100.05
0.000014791083881682072	100.05
0.00001445439770745928	100.05
0.000014125375446227555	100.05
0.000013803842646028866	100.05
0.000013489628825916533	100.05
0.000013182567385564074	100.05
0.000012882495516931348	100.05
0.000012589254117941661	100.05
0.00001230268770812381	100.05
0.000012022644346174132	100.05
0.000011748975549395302	100.05
0.000011481536214968841	100.05
0.00001122018454301963	100.05
0.000010964781961431852	100.05
0.00001071519305237607	100.05
0.000010471285480508985	100.05
0.000010232929922807536	100.05
0.00001	100.05
9.772372209558111e-6	100.05
9.549925860214369e-6	100.05
9.332543007969906e-6	100.05
9.120108393559096e-6	100.05
8.91250938133746e-6	100.05
8.709635899560814e-6	100.05
8.51138038202376e-6	100.05
8.31763771102671e-6	100.05
8.128305161640995e-6	100.05
7.943282347242822e-6	100.05
7.76247116628691e-6	100.05
7.585775750291836e-6	100.05
7.413102413009177e-6	100.05
7.244359600749906e-6	100.05
7.079457843841373e-6	100.05
6.9183097091893625e-6	100.05
6.760829753919819e-6	100.05
6.606934480075964e-6	100.05
6.4565422903465625e-6	100.05
6.30957344480193e-6	100.05
6.165950018614822e-6	100.05
6.025595860743581e-6	100.05
5.888436553555884e-6	100.05
5.754399373371567e-6	100.05
5.623413251903491e-6	100.05
5.4954087385762485e-6	100.05
5.370317963702533e-6	100.05
5.248074602497723e-6	100.05
5.128613839913648e-6	100.05
5.011872336272725e-6	100.05
4.897788193684467e-6	100.05
4.78630092322638e-6	100.05
4.677351412871981e-6	100.05
4.570881896148752e-6	100.05
4.466835921509635e-6	100.05
4.365158322401657e-6	100.05
4.265795188015926e-6	100.05
4.168693834703355e-6	100.05
4.073802778041131e-6	100.05
3.981071705534969e-6	100.05
3.890451449942805e-6	100.05
3.801893963205613e-6	100.05
3.7153522909717276e-6	100.05
3.6307805477010175e-6	100.05
3.548133892335753e-6	100.05
3.467368504525317e-6	100.05
3.3884415613920275e-6	100.05
3.3113112148259077e-6	100.05
3.235936569296281e-6	100.05
3.162277660168379e-6	100.05
3.090295432513592e-6	100.05
3.0199517204020193e-6	100.05
2.951209226666384e-6	100.05
2.884031503126606e-6	100.05
2.818382931264455e-6	100.05
2.754228703338169e-6	100.05
2.6915348039269138e-6	100.05
2.6302679918953817e-6	100.05
2.5703957827688647e-6	100.05
2.5118864315095823e-6	100.05
2.4547089156850284e-6	100.05
2.3988329190194897e-6	100.05
2.3442288153199226e-6	100.05
2.2908676527677747e-6	100.05
2.2387211385683376e-6	100.05
2.1877616239495517e-6	100.05
2.1379620895022326e-6	100.05
2.0892961308540407e-6	100.05
2.0417379446695273e-6	100.05
1.9952623149688787e-6	100.05
1.9498445997580454e-6	100.05
1.9054607179632483e-6	100.05
1.8620871366628656e-6	100.05
1.8197008586099826e-6	100.05
1.778279410038923e-6	100.05
1.7378008287493763e-6	100.05
1.698243652461746e-6	100.05
1.6595869074375596e-6	100.05
1.6218100973589298e-6	100.05
1.584893192461114e-6	100.05
1.5488166189124828e-6	100.05
1.5135612484362072e-6	100.05
1.479108388168207e-6	100.05
1.445439770745928e-6	100.05
1.4125375446227554e-6	100.05
1.3803842646028838e-6	100.05
1.3489628825916533e-6	100.05
1.3182567385564074e-6	100.05
1.288249551693135e-6	100.05
1.2589254117941661e-6	100.05
1.2302687708123811e-6	100.05
1.2022644346174132e-6	100.05
1.1748975549395304e-6	100.05
1.1481536214968817e-6	100.05
1.122018454301963e-6	100.05
1.096478196143185e-6	100.05
1.071519305237607e-6	100.05
1.0471285480508985e-6	100.05
1.0232929922807537e-6	100.05
1.e-6	100.05
1.e-6	100.
1.e-6	79.43282347242821
1.e-6	63.09573444801943
1.e-6	50.11872336272725
1.e-6	39.81071705534978
1.e-6	31.622776601683793
1.e-6	25.11886431509582
1.e-6	19.95262314968883
1.e-6	15.848931924611142
1.e-6	12.589254117941687
1.e-6	10.
1.e-6	7.943282347242821
1.e-6	6.309573444801943
1.e-6	5.011872336272725
1.e-6	3.9810717055349776
1.e-6	3.1622776601683795
1.e-6	2.5118864315095824
1.e-6	1.9952623149688828
1.e-6	1.584893192461114
1.e-6	1.2589254117941688
1.e-6	1.
1.e-6	0.7943282347242822
1.e-6	0.6309573444801942
1.e-6	0.5011872336272725
1.e-6	0.39810717055349776
1.e-6	0.31622776601683794
1.e-6	0.25118864315095824
1.e-6	0.19952623149688828
1.e-6	0.15848931924611143
1.e-6	0.12589254117941687
1.e-6	0.1
1.e-6	0.07943282347242822
1.e-6	0.06309573444801943
1.e-6	0.05011872336272725
1.e-6	0.039810717055349776
1.e-6	0.03162277660168379
1.e-6	0.025118864315095822
1.e-6	0.01995262314968879
1.e-6	0.01584893192461114
1.e-6	0.012589254117941687
1.e-6	0.01
1.e-6	0.00794328234724282
1.e-6	0.006309573444801936
1.e-6	0.005011872336272725
1.e-6	0.003981071705534973
1.e-6	0.0031622776601683794
1.e-6	0.002511886431509582
1.e-6	0.0019952623149688807
1.e-6	0.001584893192461114
1.e-6	0.0012589254117941675
1.e-6	0.001
1.e-6	0.0007943282347242822
1.e-6	0.0006309573444801936
1.e-6	0.0005011872336272725
1.e-6	0.00039810717055349735
1.e-6	0.00031622776601683794
1.e-6	0.0002511886431509582
1.e-6	0.0001995262314968881
1.e-6	0.00015848931924611142
1.e-6	0.00012589254117941674
1.e-6	0.0001
1.e-6	0.00007943282347242822
1.e-6	0.00006309573444801929
1.e-6	0.00005011872336272725
1.e-6	0.000039810717055349695
1.e-6	0.000031622776601683795
1.e-6	0.000025118864315095822
1.e-6	0.000019952623149688786
1.e-6	0.00001584893192461114
1.e-6	0.000012589254117941661
1.e-6	0.00001
1.e-6	7.943282347242822e-6
1.e-6	6.30957344480193e-6
1.e-6	5.011872336272725e-6
1.e-6	3.981071705534969e-6
1.e-6	3.162277660168379e-6
1.e-6	2.5118864315095823e-6
1.e-6	1.9952623149688787e-6
1.e-6	1.584893192461114e-6
1.e-6	1.2589254117941661e-6
1.e-6	1.e-6
1.e-6	7.289004694012091e-8